%% Problem 2 part (i) %%
B = [1,1,1,1,2; 1,2,1,0,2; 0,1,2,1,0; 1,0,1,1,2; 0,1,1,1,1]

B =

     1     1     1     1     2
     1     2     1     0     2
     0     1     2     1     0
     1     0     1     1     2
     0     1     1     1     1


[U_right, D_right] = eig(B)

U_right =

   -0.5281    0.0717   -0.7721    0.2143    0.5774
   -0.5586    0.4313   -0.1486   -0.6999   -0.0000
   -0.3461   -0.4126    0.3370    0.0434   -0.5774
   -0.4118    0.6844   -0.3932    0.6785    0.5774
   -0.3461   -0.4126    0.3370    0.0434   -0.0000


D_right =

    4.8039         0         0         0         0
         0   -0.7039         0         0         0
         0         0    0.3923         0         0
         0         0         0    1.5077         0
         0         0         0         0    1.0000

 
%% Problem 2 part (ii) %%
[U_left, D_left] = eig(transpose(B))

U_left =

   -0.2151    0.5581   -0.5589   -0.0000   -0.0353
   -0.4710   -0.3676    0.0932    0.0000   -0.5874
   -0.5623   -0.0252   -0.3124   -0.7071    0.5342
   -0.3472   -0.5833    0.2465   -0.0000    0.5695
   -0.5433    0.4611    0.7215    0.7071   -0.2097


D_left =

    4.8039         0         0         0         0
         0   -0.7039         0         0         0
         0         0    0.3923         0         0
         0         0         0    1.0000         0
         0         0         0         0    1.5077


c1 = U_right(:,1)

c1 =

   -0.5281
   -0.5586
   -0.3461
   -0.4118
   -0.3461

d1 = U_left(:,1)

d1 =

   -0.2151
   -0.4710
   -0.5623
   -0.3472
   -0.5433


%% Problem 2 part (iii) %%
transpose(U_right(:,1)) * U_right(:,2)

ans =

   -0.2750


%% Problem 3 part (iv) %%
transpose(U_left(:,1)) * U_right(:,2)

ans =

   4.4409e-16

